0000000000000000000000000000000000000000000000000000000000000000000000000000000
0000000000000000000000000000000000000000000000000000000000000000000000000000000
0000000000000000001100000000000000000000000000000000000000000000000000000000000
0000000000000000001000000000000000000000000000000000000000000000000000000000000
0000000000000001101000000000000000000000000000000000000000000000000000000000000
0000000000000010010000000000000000000000000000000000000000000000000000000000000
0000000000000010000000000000000000000000000000000000000000000000000000000000000
0000000000000000010000000000000000000000000000000000000000000000000000000000000
0000000000000010010000000000000000000000000000000000000000000000000000000000000
0000000000000101100000000000000000000000000000000000000000000000000000000000000
0000000000000100000000000000000000000000000000000000000000000000000000000000000
0000000000001100000000000000000000000000000000000000000000000000000000000000000
0000000000000000000000000000000000000000000000000000000000000000000000000000000
0000000000000000001100000000000000000000000000000000000000000000000000000000000
0000000000000000001000000000000000000000000000000000000000000000000000000000000
0000000000000001101000000000000000000000000000000000000000000000000000000000000
0000000000000010010000000000000000000000000000000000000000000000000000000000000
0000000000000010000000000000000000000000000000000000000000000000000000000000000
0000000000000000010000000000000000000000000000000000000000000000000000000000000
0000000000000010010000000000000000000000000000000000000000000000000000000000000
0000000000000101100000000000000000000000000000000000000000000000000000000000000
0000000000000100000000000000000000000000000000000000000000000000000000000000000
0000000000001100000000000000000000000000000000000000000000000000000000000000000
0000000000000000000000000000000000000000000000000000000000000000000000000000000
0000000000000000000000000000000000000000000000000000000000000000000000000000000